44.9 84.0
10.8 50.7
76.8 77.3
84.2 45.5
21.8 48.5
25.2 77.8
40.7 85.5
81.4 46.7
31.1 12.5
75.6 19.3
88.5 14.4
32.7 68.5
16.4 94.3
24.4 42.3
98.9 81.5
87.3 82.8
92.4 38.0
59.6 18.5
38.4 43.8
64.1 60.2
92.2 89.3
38.0 33.0
74.8 19.4
79.6 5.8
31.9 55.3
25.2 20.5
69.6 57.9
88.9 86.0
52.1 13.4
28.3 51.0
94.9 15.6
33.8 87.2
53.6 93.4
5.8 92.0
37.2 69.8
52.2 29.4
59.1 90.2
62.4 33.9
9.7 42.1
39.7 41.6
97.3 64.9
62.0 66.9
22.7 51.0
53.0 74.8
64.4 81.3
25.8 59.2
96.9 59.7
46.5 50.5
53.1 52.2
42.5 90.3
22.1 94.7
19.7 81.2
85.0 85.4
94.6 24.2
54.8 36.2
21.5 19.6
98.3 88.4
42.3 49.3
41.4 17.2
13.6 22.7
43.0 72.9
19.6 2.7
19.3 70.1
55.7 71.6
12.6 46.0
93.7 7.3
65.7 74.9
92.3 47.9
90.0 86.9
72.0 44.7
23.2 93.5
64.4 21.4
81.9 6.7
70.7 23.3
23.9 84.3
46.0 66.9
57.2 65.6
69.5 76.5
35.7 25.3
48.1 48.3
71.3 41.8
55.6 37.0
16.6 47.9
84.9 6.6
34.8 56.9
51.3 58.0
50.5 15.7
79.4 32.4
22.4 50.1
55.7 46.2
34.5 1.7
13.1 91.6
67.3 82.6
68.1 3.0
7.9 16.2
51.2 79.2
58.0 6.8
16.2 74.6
54.7 1.1
81.2 89.5
58.1 32.5
47.5 8.5
48.2 49.0
70.5 77.1
96.6 16.8
11.5 98.3
29.9 3.2
65.6 12.5
71.3 68.6
20.3 87.6
19.8 99.5
45.5 26.6
15.7 20.2
81.3 16.9
1.4 70.8
74.9 33.9
18.3 83.4
82.1 45.2
24.4 52.6
22.3 21.0
69.4 33.9
19.2 99.3
37.0 84.8
11.7 8.4
53.4 32.1
95.9 73.2
31.6 41.5
99.8 47.3
61.6 81.1
64.2 63.0
51.9 39.1
96.9 70.2
22.5 79.0
15.5 46.9
31.6 37.8
67.8 1.1
71.6 87.1
0.3 8.7
71.9 12.1
17.0 25.3
44.1 12.9
98.5 75.7
54.4 98.3
23.0 16.0
79.4 87.2
79.0 31.3
26.3 75.9
1.5 48.8
54.9 17.0
95.7 86.6
54.8 63.6
87.6 26.4
50.7 51.2
22.6 0.0
52.1 47.9
44.2 65.1
46.4 19.9
19.4 44.7
42.9 35.4
24.0 30.1
14.4 55.3
56.4 90.4
56.9 5.3
45.3 73.9
1.0 31.8
28.7 64.6
19.5 55.1
15.2 7.4
90.2 37.8
7.4 42.3
85.7 51.6
7.4 32.1
71.5 26.8
76.7 14.5
62.3 0.8
44.6 76.7
56.1 1.1
67.1 13.0
6.3 12.3
86.9 7.3
44.2 15.5
71.9 63.6
70.6 87.1
71.0 60.8
24.9 78.5
3.2 10.6
30.1 10.6
42.7 1.6
37.4 19.4
16.1 99.7
20.2 60.7
76.4 76.3
61.8 43.5
89.3 68.1
55.8 76.1
75.4 99.9
91.6 47.3
63.6 62.3
34.4 34.6
23.1 59.3
13.1 26.3
69.9 43.2
36.8 37.3
74.2 31.9
60.9 73.9
52.1 21.7
50.3 28.4
83.5 93.7
17.6 51.6
49.5 93.8
27.0 49.5
85.4 74.3
13.0 47.7
8.8 47.6
70.8 68.1
60.7 97.0
37.9 3.8
33.8 50.5
48.6 8.0
82.4 9.6
81.9 34.5
31.2 32.2
62.8 14.7
25.9 80.4
66.3 75.5
74.2 93.3
24.9 59.6
67.6 37.9
7.3 76.4
85.6 78.0
44.4 46.2
75.1 82.4
50.1 8.9
32.9 98.7
16.9 15.2
8.3 98.8
49.7 39.5
31.0 12.5
54.2 57.0
93.0 20.4
32.4 67.2
13.7 57.3
26.8 81.3
95.3 34.1
57.7 80.8
12.1 2.2
27.1 87.2
84.5 77.1
96.1 17.4
75.9 13.0
32.6 84.1
11.8 82.4
23.6 24.0
77.8 99.8
87.9 98.2
32.2 55.1
11.9 89.6
81.9 93.2
84.9 16.0
50.9 65.7
28.1 53.1
92.8 15.3
37.6 69.9
11.3 55.0
45.8 24.3
87.6 29.9
36.1 70.0
53.5 78.9
64.9 31.3
78.7 52.8
29.4 11.0
7.8 41.3
0.5 89.7
34.5 85.4
5.7 85.4
51.1 33.8
38.5 43.8
49.0 76.0
13.8 60.4
31.0 59.5
84.6 18.7
89.4 20.8
88.7 42.9
99.7 53.6
74.2 78.4
6.4 3.6
89.4 14.2
44.9 89.9
3.9 79.4
75.3 9.6
64.8 26.4
43.4 3.2
70.2 92.4
79.3 84.0
52.7 10.3
43.5 37.4
29.0 32.9
58.1 17.7
75.8 57.8
71.3 50.0
36.3 77.7
53.6 25.6
91.9 92.1
95.8 77.9
90.9 5.4
42.7 17.2
48.8 45.9
87.4 41.2
25.2 71.4
93.9 35.5
14.9 31.3
64.6 47.8
89.4 82.3
23.6 47.3
53.5 73.6
83.5 31.2
27.2 9.2
23.1 25.7
24.7 18.9
3.6 15.6
24.3 46.2
32.8 73.0
92.1 20.2
14.2 17.3
91.6 8.1
52.9 6.5
39.4 17.4
54.4 28.8
99.7 78.0
76.1 53.2
51.6 59.6
84.4 78.9
68.8 7.5
4.5 93.5
26.3 8.1
9.1 50.6
54.3 41.9
23.7 46.5
62.1 37.9
63.8 53.8
46.0 16.6
60.3 85.4
34.0 14.6
14.2 33.7
92.7 90.3
86.9 44.3
49.9 71.3
23.1 18.6
78.8 27.7
12.1 5.1
35.8 21.2
55.8 90.1
63.1 64.0
25.2 17.3
0.4 78.9
63.3 17.0
39.2 48.6
51.1 53.9
62.8 84.8
46.5 53.1
71.7 90.8
2.9 43.0
14.0 21.6
21.8 41.7
33.7 26.9
77.5 54.8
82.7 67.6
17.9 62.1
4.2 43.1
79.4 4.6
22.0 42.7
21.6 61.3
91.3 72.6
15.1 54.2
57.4 61.7
7.2 29.1
52.5 10.2
72.1 66.5
31.7 93.9
8.1 65.4
20.8 85.6
20.2 3.5
53.2 38.2
65.7 57.4
81.3 45.1
62.0 3.3
87.8 83.6
64.6 79.1
56.2 79.7
33.3 13.6
41.4 40.5
42.6 93.9
50.7 14.7
60.3 82.4
8.6 68.5
47.8 29.4
54.1 68.1
32.9 7.3
6.2 98.6
64.8 87.5
43.7 26.8
90.8 31.5
10.3 10.5
66.5 35.0
43.9 80.1
76.4 84.4
22.7 70.3
35.1 37.4
30.6 17.6
46.0 99.1
65.4 75.3
53.2 33.4
8.3 60.6
39.7 6.8
25.3 27.2
50.5 52.1
17.9 81.9
62.4 73.3
92.5 28.9
8.3 36.4
9.0 84.7
20.8 31.6
55.0 55.9
69.0 85.7
73.5 15.0
84.8 38.9
90.3 38.0
72.3 98.6
98.6 12.0
5.4 23.9
39.1 55.9
76.0 57.1
37.9 38.4
30.3 30.4
67.3 38.6
66.8 76.3
23.4 87.6
7.9 78.4
43.5 76.9
64.0 17.0
91.9 48.8
55.9 82.3
86.8 28.2
80.9 85.4
40.2 86.3
9.4 79.3
42.2 85.4
36.4 80.1
23.8 66.7
10.5 91.2
5.4 77.3
67.4 28.7
64.9 65.4
8.4 52.3
71.2 25.5
44.2 20.0
81.4 26.5
6.8 9.6
7.4 92.3
49.8 93.7
1.7 29.1
35.9 87.1
65.5 16.0
10.9 32.2
26.4 2.0
37.6 3.7
69.5 66.4
68.6 44.9
73.5 77.0
97.2 44.7
2.5 41.4
64.7 83.9
67.9 71.5
93.4 75.3
63.8 43.2
69.0 65.4
72.3 4.9
52.5 37.8
20.9 63.4
70.1 47.3
65.4 7.7
51.0 34.9
74.0 19.6
79.7 47.5
96.7 76.9
92.2 99.2
18.3 56.8
83.0 86.3
28.3 76.5
61.6 92.1
19.7 30.6
57.5 92.1
35.4 10.0
29.9 56.3
73.3 100.0
3.6 38.7
7.7 54.6
73.6 81.7
74.3 53.4
29.2 70.9
30.3 21.4
70.1 48.6
78.3 78.6
6.6 29.6
96.4 98.7
49.4 27.0
56.2 41.4
62.4 66.2
71.3 18.7
39.5 71.3
22.3 78.3
78.9 76.9
51.9 60.6
51.2 5.3
89.9 22.1
35.6 11.3
92.2 84.2
89.5 45.4
19.1 96.1
75.0 15.5
94.8 24.4
42.5 51.0
65.8 4.9
17.2 37.1
23.6 56.7
8.4 46.0
35.0 87.3
22.9 86.9
47.9 74.1
92.2 37.8
96.2 27.8
49.1 88.5
12.0 38.6
33.8 31.1
34.7 8.9
46.5 29.5
33.3 89.0
80.5 99.1
94.0 97.7
36.2 17.6
54.4 44.6
63.6 89.4
31.9 86.5
76.4 79.8
60.6 68.6
17.6 56.8
96.4 66.6
45.2 8.4
5.2 79.1
39.4 39.9
88.0 86.0
69.4 21.3
75.0 75.5
69.0 47.6
56.5 86.6
2.0 1.1
50.1 91.5
33.0 36.6
67.8 12.8
97.1 36.4
30.4 53.9
32.8 97.1
99.2 41.2
2.3 78.3
80.6 42.2
66.2 66.6
11.6 87.5
41.7 61.5
7.8 10.6
9.1 64.4
97.2 11.1
65.5 47.4
2.5 98.5
83.9 70.3
11.3 81.1
6.8 41.7
35.0 39.6
38.8 34.2
80.8 41.0
12.4 61.4
83.2 78.7
28.1 94.8
66.2 69.7
56.3 74.0
80.3 65.4
38.4 77.6
76.4 3.9
24.9 78.9
2.4 8.9
49.3 13.6
89.9 56.0
55.3 25.0
95.6 94.1
59.1 76.4
35.1 71.6
37.8 18.4
50.3 65.9
13.2 16.5
35.6 69.5
90.5 15.9
34.9 28.9
93.5 11.3
32.7 32.8
35.1 27.3
39.5 48.7
17.2 95.6
4.1 42.2
91.2 98.2
1.3 67.6
33.3 72.9
5.5 51.7
23.2 71.3
64.9 39.6
6.9 34.4
30.1 22.9
69.3 58.9
16.4 80.6
91.7 34.8
70.8 26.8
62.1 10.3
75.5 79.3
5.9 79.6
21.4 97.1
77.8 22.7
64.7 11.1
95.6 70.1
62.8 18.8
41.5 27.7
58.4 48.4
62.1 88.5
71.3 31.4
47.4 87.7
12.0 39.1
22.5 82.8
65.9 84.5
93.1 41.4
63.8 98.9
21.0 85.3
96.0 98.7
8.0 60.7
9.9 3.6
30.9 72.7
22.4 72.3
0.4 80.8
20.8 62.6
69.3 92.1
94.0 16.8
79.8 6.0
55.9 2.3
88.7 21.7
86.9 81.8
63.1 50.7
80.7 81.0
76.8 82.8
43.9 37.5
92.7 47.6
68.3 65.4
70.0 40.7
65.8 50.8
61.5 28.4
20.2 53.6
22.4 36.9
33.4 28.4
92.8 35.7
17.1 14.5
22.6 98.9
77.6 73.2
79.6 61.7
9.2 56.4
44.5 53.1
93.9 37.1
0.7 62.2
2.5 70.6
2.8 68.3
21.5 64.3
96.7 41.6
17.9 19.1
78.5 51.3
47.4 71.3
86.9 64.5
85.8 9.5
63.4 63.5
82.7 43.1
25.1 91.9
99.5 69.6
45.0 93.3
6.7 45.6
55.5 9.2
16.3 58.4
77.5 37.8
22.7 74.2
79.4 40.5
93.2 57.9
91.8 40.7
29.3 78.7
5.2 15.1
88.2 68.6
78.6 70.9
11.7 3.7
62.8 11.1
73.3 7.8
4.5 80.0
53.5 54.4
69.7 18.3
66.6 7.5
41.0 40.8
86.9 81.5
34.0 44.8
73.3 74.7
74.1 52.0
79.8 89.2
40.3 48.4
67.8 11.2
60.1 71.5
74.0 71.2
44.7 81.9
75.7 24.7
35.3 35.7
13.8 5.0
54.0 80.5
12.5 95.0
21.2 99.4
76.6 55.3
44.2 49.9
29.9 18.3
1.9 9.8
7.5 42.2
58.2 75.3
53.4 18.3
46.7 27.4
89.6 91.5
9.3 65.3
16.1 44.6
1.0 30.0
49.6 55.0
10.4 62.2
50.0 31.7
61.6 26.6
86.9 5.8
76.5 16.8
24.1 78.4
26.6 31.7
20.6 84.8
7.0 74.0
3.1 53.7
1.4 92.7
45.2 10.7
58.0 61.3
55.3 58.9
91.3 5.0
13.9 1.7
67.1 64.0
33.4 34.2
20.3 34.6
67.1 37.2
58.7 45.5
63.8 90.4
66.1 48.6
97.3 40.1
51.7 51.0
41.6 44.4
96.2 52.3
2.3 57.5
7.6 61.2
48.8 12.6
75.2 50.5
79.7 39.1
83.9 8.5
29.7 4.2
43.0 96.8
41.4 1.7
42.3 5.1
92.1 8.4
53.7 89.4
48.6 5.4
40.4 90.1
49.8 36.5
42.4 52.1
94.0 50.1
13.3 42.8
62.6 88.5
93.3 42.4
27.6 77.2
50.8 57.3
81.4 93.9
54.1 22.7
95.6 96.4
27.9 87.6
4.8 81.6
77.0 53.4
87.0 17.3
43.5 36.7
53.9 86.0
88.8 47.9
36.0 2.1
90.7 98.7
90.6 83.9
41.1 18.2
61.1 91.9
75.5 42.4
85.8 29.6
65.2 81.3
26.0 26.4
30.8 74.6
45.9 84.2
61.6 63.2
27.7 98.3
17.0 13.7
87.1 64.9
49.8 89.2
55.6 48.4
79.8 39.5
89.5 98.0
0.6 81.4
73.5 43.0
67.1 3.0
8.2 48.5
29.0 1.2
17.4 59.8
75.9 63.2
44.0 37.4
26.4 71.8
35.8 43.5
85.5 22.9
8.4 35.3
12.1 64.0
83.7 91.9
3.5 73.2
89.8 4.1
54.6 63.3
47.1 21.7
66.4 55.3
70.2 95.4
56.5 87.5
55.2 32.4
50.8 99.2
69.8 77.2
71.0 5.6
20.7 56.5
28.4 29.1
91.8 40.5
93.0 75.5
32.4 96.5
48.7 22.2
0.6 3.2
85.5 47.7
25.0 51.9
3.0 95.1
47.3 59.5
82.7 2.5
91.9 33.5
1.7 61.7
10.7 11.4
31.4 29.2
95.7 60.4
21.0 36.2
53.5 96.5
68.6 50.0
45.1 90.8
50.6 48.4
76.3 98.3
73.3 28.2
1.3 68.5
75.4 60.8
51.2 77.9
52.7 84.7
79.6 14.4
95.4 52.3
81.7 26.7
81.6 77.4
87.2 2.6
13.6 40.7
99.1 82.1
90.7 44.2
72.9 41.3
92.6 49.2
39.6 66.0
77.4 41.0
34.4 52.8
1.8 85.6
30.7 54.5
70.3 10.3
68.9 65.6
62.6 50.6
92.4 44.2
28.0 79.5
46.7 41.6
20.2 45.8
23.7 10.9
90.0 96.6
52.2 82.7
45.8 91.8
48.6 23.3
32.8 83.0
76.1 34.6
68.7 6.8
89.0 39.0
17.1 58.0
4.6 79.7
8.5 97.0
23.9 36.5
76.5 70.6
78.1 78.2
1.8 7.6
6.5 98.4
59.8 89.2
44.2 51.6
37.8 67.5
84.4 20.8
43.6 19.0
89.5 50.4
8.0 28.5
67.5 66.0
33.1 47.2
74.5 30.1
71.1 11.0
6.6 41.7
89.1 3.3
58.2 90.9
10.9 64.7
89.3 70.7
53.8 33.5
22.3 91.6
1.0 6.7
12.4 44.6
25.7 1.9
95.0 33.7
30.4 62.5
99.7 63.4
9.7 74.2
93.5 80.8
85.3 0.0
22.5 74.4
3.3 80.7
65.2 14.2
45.3 54.5
84.9 99.2
88.0 7.2
90.7 89.1
14.0 3.2
33.7 39.7
5.0 28.6
73.4 35.4
91.1 73.1
98.8 0.8
47.4 92.3
81.6 32.6
92.3 4.1
7.0 95.7
84.7 72.2
9.9 30.0
26.7 94.8
29.2 29.9
19.9 3.8
16.0 23.1
37.5 55.7
28.1 66.1
29.1 63.6
57.2 2.2
62.4 58.0
49.6 54.7
39.6 82.2
47.0 43.7
89.2 42.7
28.4 61.4
52.6 58.4
88.1 47.4
87.6 2.9
49.5 7.6
6.7 65.5
30.7 44.2
21.2 58.8
10.3 50.3
22.4 67.5
52.5 84.8
25.5 2.1
39.4 65.1
84.3 86.5
8.8 73.5
29.2 37.2
34.9 81.8
95.6 23.1
29.2 83.3
26.0 78.7
90.8 32.7
44.1 21.5
76.9 65.3
80.3 87.2
15.6 2.7
54.7 68.1
87.5 80.3
70.2 26.9
45.4 54.5
13.4 54.2
28.0 42.5
91.4 63.0
24.3 87.0
86.0 53.5
70.3 12.0
32.2 61.1
